0 0.000001 25760.683594 26853.787109 28351.021484 25760.683594
1 0.001047 25265.703125 26853.787109 28351.021484 25760.683594
2 0.001682 24900.775391 26370.580078 28220.769531 25265.703125
3 0.002314 24141.744141 26070.142578 28115.107422 24900.775391
4 0.002947 23945.412109 25829.148438 28115.107422 24141.744141
5 0.003571 23892.919922 25614.679688 28043.152344 23945.412109
6 0.004190 23633.705078 25311.500000 27135.619141 23892.919922
7 0.004904 22874.349609 25078.050781 27135.619141 23633.705078
8 0.005724 22874.349609 24863.244141 27135.619141 22874.349609
9 0.006419 22773.830078 24633.667969 27135.619141 22874.349609
10 0.007957 22722.486328 24540.552734 27135.619141 22773.830078
11 0.008620 22722.486328 24362.101562 27135.619141 22722.486328
12 0.009281 22685.197266 24242.847656 27021.066406 22722.486328
13 0.010007 22239.494141 24166.390625 26868.859375 22685.197266
14 0.010622 22239.494141 24098.650391 26807.402344 22239.494141
15 0.011295 22198.966797 24007.654297 26578.031250 22239.494141
16 0.011964 22051.732422 23931.447266 25640.171875 22198.966797
17 0.012659 22051.732422 23819.177734 25528.783203 22051.732422
18 0.013280 22051.732422 23702.322266 25528.783203 22051.732422
19 0.013923 22051.732422 23620.074219 25528.783203 22051.732422
20 0.014558 22051.732422 23540.900391 25528.783203 22051.732422
21 0.015185 22051.732422 23489.251953 25528.783203 22051.732422
22 0.015820 22051.732422 23424.244141 25386.191406 22051.732422
23 0.016428 22051.732422 23389.150391 25379.662109 22051.732422
24 0.017138 22051.732422 23338.943359 25379.662109 22051.732422
25 0.017731 22051.732422 23310.814453 25379.662109 22051.732422
26 0.018386 22039.287109 23302.794922 25379.662109 22051.732422
27 0.019043 22039.287109 23248.898438 25325.501953 22039.287109
28 0.019752 22039.287109 23176.339844 25325.501953 22039.287109
29 0.020452 21809.949219 23154.384766 25325.501953 22039.287109
30 0.021088 21809.949219 23116.429688 25325.501953 21809.949219
31 0.021729 21809.949219 23054.699219 24367.923828 21809.949219
32 0.022397 21678.558594 22992.314453 24153.824219 21809.949219
33 0.023022 21678.558594 22921.886719 24153.824219 21678.558594
34 0.023659 21678.558594 22851.792969 24153.824219 21678.558594
35 0.024307 21678.558594 22828.716797 24153.824219 21678.558594
36 0.024926 21678.558594 22761.287109 23913.730469 21678.558594
37 0.025564 21678.558594 22719.792969 23913.730469 21678.558594
38 0.026195 21678.558594 22697.738281 23813.789062 21678.558594
39 0.026784 21678.558594 22685.630859 23813.789062 21678.558594
40 0.027398 21678.558594 22663.429688 23813.789062 21678.558594
41 0.028055 21678.558594 22658.800781 23813.789062 21678.558594
42 0.028662 21678.558594 22653.802734 23813.789062 21678.558594
43 0.029328 21547.820312 22631.685547 23813.789062 21678.558594
44 0.029954 21547.820312 22623.001953 23813.789062 21547.820312
45 0.030536 21547.820312 22611.921875 23813.789062 21547.820312
46 0.031102 21547.820312 22596.970703 23813.789062 21547.820312
47 0.031627 21547.820312 22583.935547 23674.595703 21547.820312
48 0.032189 21547.820312 22566.259766 23674.595703 21547.820312
49 0.032862 21547.820312 22550.726562 23393.900391 21547.820312
50 0.033502 21547.820312 22547.687500 23342.277344 21547.820312
51 0.034156 21547.820312 22532.773438 23342.277344 21547.820312
52 0.034777 21547.820312 22505.937500 23342.273438 21547.820312
53 0.035392 21547.820312 22497.607422 23342.273438 21547.820312
54 0.036014 21547.820312 22497.609375 23342.273438 21547.820312
55 0.036649 21547.820312 22488.074219 23342.273438 21547.820312
56 0.037291 21547.820312 22462.712891 23128.951172 21547.820312
57 0.037903 21547.820312 22444.640625 23128.951172 21547.820312
58 0.038495 21547.820312 22444.636719 23128.951172 21547.820312
59 0.039029 21547.820312 22442.181641 23128.951172 21547.820312
60 0.039617 21547.820312 22442.181641 23128.951172 21547.820312
61 0.040220 21547.820312 22441.730469 23128.951172 21547.820312
62 0.040926 21547.820312 22440.337891 23128.951172 21547.820312
63 0.041525 21547.820312 22436.630859 23058.921875 21547.820312
64 0.042181 21547.820312 22433.216797 23058.921875 21547.820312
65 0.042747 21547.820312 22433.181641 23058.921875 21547.820312
66 0.043311 21547.820312 22429.585938 23058.921875 21547.820312
67 0.043889 21547.820312 22424.544922 23019.697266 21547.820312
68 0.044377 21547.820312 22424.544922 23019.697266 21547.820312
